5.66554e-16
0.110136
0.218856
0.324769
0.426537
0.522894
0.612671
0.694817
0.76841
0.832677
0.886998
0.930917
0.964141
0.986542
0.998148
0.999141
0.989845
0.970708
0.942297
0.905272
0.860377
0.808415
0.750237
0.686721
0.618754
0.547222
0.472989
0.396892
0.319722
0.242221
0.165074
0.0889012
0.014255
-0.0583804
-0.128591
-0.196031
-0.260422
-0.32155
-0.379259
-0.433452
-0.484079
-0.531137
-0.574662
-0.614726
-0.651428
-0.684892
-0.71526
-0.742688
-0.767343
-0.789394
-0.809017
-0.826383
-0.84166
-0.855011
-0.866588
-0.876535
-0.884982
-0.89205
-0.897843
-0.902452
-0.905954
-0.908412
-0.909873
-0.910371
-0.909926
-0.908544
-0.90622
-0.902937
-0.898666
-0.893368
-0.886998
-0.879502
-0.870819
-0.860884
-0.84963
-0.836988
-0.822886
-0.807258
-0.790038
-0.771165
-0.750585
-0.728251
-0.704127
-0.678185
-0.65041
-0.620801
-0.589369
-0.55614
-0.521158
-0.484478
-0.446174
-0.406334
-0.365061
-0.322474
-0.278705
-0.233896
-0.188204
-0.141793
-0.0948352
-0.04751
3.57921e-15
0.04751
0.0948352
0.141793
0.188204
0.233896
0.278705
0.322474
0.365061
0.406334
0.446174
0.484478
0.521158
0.55614
0.589369
0.620801
0.65041
0.678185
0.704127
0.728251
0.750585
0.771165
0.790038
0.807258
0.822886
0.836988
0.84963
0.860884
0.870819
0.879502
0.886998
0.893368
0.898666
0.902937
0.90622
0.908544
0.909926
0.910371
0.909873
0.908412
0.905954
0.902452
0.897843
0.89205
0.884982
0.876535
0.866588
0.855011
0.84166
0.826383
0.809017
0.789394
0.767343
0.742688
0.71526
0.684892
0.651428
0.614726
0.574662
0.531137
0.484079
0.433452
0.379259
0.32155
0.260422
0.196031
0.128591
0.0583804
-0.014255
-0.0889012
-0.165074
-0.242221
-0.319722
-0.396892
-0.472989
-0.547222
-0.618754
-0.686721
-0.750237
-0.808415
-0.860377
-0.905272
-0.942297
-0.970708
-0.989845
-0.999141
-0.998148
-0.986542
-0.964141
-0.930917
-0.886998
-0.832677
-0.76841
-0.694817
-0.612671
-0.522894
-0.426537
-0.324769
-0.218856
-0.110136
