-1
-0.977436
-0.954884
-0.932357
-0.909867
-0.887426
-0.865047
-0.842743
-0.820524
-0.798404
-0.776393
-0.754505
-0.73275
-0.711141
-0.689688
-0.668404
-0.647299
-0.626383
-0.605669
-0.585167
-0.564886
-0.544837
-0.52503
-0.505475
-0.486181
-0.467157
-0.448413
-0.429956
-0.411795
-0.393938
-0.376393
-0.359168
-0.342269
-0.325703
-0.309477
-0.293597
-0.278069
-0.262898
-0.248089
-0.233648
-0.219577
-0.205883
-0.192567
-0.179633
-0.167085
-0.154925
-0.143154
-0.131775
-0.120789
-0.110197
-0.1
-0.0901974
-0.0807893
-0.0717752
-0.0631541
-0.0549247
-0.0470851
-0.0396333
-0.0325667
-0.0258825
-0.0195774
-0.0136477
-0.00808941
-0.00289815
0.00193082
0.00640261
0.0105227
0.0142968
0.0177312
0.0208322
0.0236068
0.026062
0.0282053
0.0300444
0.0315875
0.0328427
0.0338188
0.0345247
0.0349696
0.0351628
0.0351141
0.0348334
0.0343307
0.0336166
0.0327015
0.0315962
0.0303117
0.0288592
0.0272498
0.0254952
0.0236068
0.0215964
0.019476
0.0172573
0.0149525
0.0125738
0.0101333
0.00764333
0.00511621
0.0025643
-1.93214e-16
-0.0025643
-0.00511621
-0.00764333
-0.0101333
-0.0125738
-0.0149525
-0.0172573
-0.019476
-0.0215964
-0.0236068
-0.0254952
-0.0272498
-0.0288592
-0.0303117
-0.0315962
-0.0327015
-0.0336166
-0.0343307
-0.0348334
-0.0351141
-0.0351628
-0.0349696
-0.0345247
-0.0338188
-0.0328427
-0.0315875
-0.0300444
-0.0282053
-0.026062
-0.0236068
-0.0208322
-0.0177312
-0.0142968
-0.0105227
-0.00640261
-0.00193082
0.00289815
0.00808941
0.0136477
0.0195774
0.0258825
0.0325667
0.0396333
0.0470851
0.0549247
0.0631541
0.0717752
0.0807893
0.0901974
0.1
0.110197
0.120789
0.131775
0.143154
0.154925
0.167085
0.179633
0.192567
0.205883
0.219577
0.233648
0.248089
0.262898
0.278069
0.293597
0.309477
0.325703
0.342269
0.359168
0.376393
0.393938
0.411795
0.429956
0.448413
0.467157
0.486181
0.505475
0.52503
0.544837
0.564886
0.585167
0.605669
0.626383
0.647299
0.668404
0.689688
0.711141
0.73275
0.754505
0.776393
0.798404
0.820524
0.842743
0.865047
0.887426
0.909867
0.932357
0.954884
0.977436
