-1
-0.971154
-0.942326
-0.913535
-0.8848
-0.856139
-0.827571
-0.799114
-0.770786
-0.742605
-0.71459
-0.686757
-0.659125
-0.631711
-0.604532
-0.577606
-0.550948
-0.524575
-0.498504
-0.47275
-0.447329
-0.422256
-0.397546
-0.373213
-0.349272
-0.325736
-0.302619
-0.279933
-0.257692
-0.235907
-0.21459
-0.193752
-0.173403
-0.153555
-0.134216
-0.115396
-0.0971038
-0.0793472
-0.0621341
-0.0454715
-0.0293661
-0.0138238
0.0011499
0.0155501
0.0293724
0.042613
0.0552688
0.0673372
0.078816
0.0897039
0.1
0.109704
0.118816
0.127337
0.135269
0.142613
0.149372
0.15555
0.16115
0.166176
0.170634
0.174528
0.177866
0.180653
0.182896
0.184604
0.185784
0.186445
0.186597
0.186248
0.18541
0.184093
0.182308
0.180067
0.177381
0.174264
0.170728
0.166787
0.162454
0.157744
0.152671
0.14725
0.141496
0.135425
0.129052
0.122394
0.115468
0.108289
0.100875
0.0932428
0.0854102
0.0773947
0.0692139
0.0608859
0.0524288
0.0438607
0.0351999
0.026465
0.0176743
0.00884646
-6.66257e-16
-0.00884646
-0.0176743
-0.026465
-0.0351999
-0.0438607
-0.0524288
-0.0608859
-0.0692139
-0.0773947
-0.0854102
-0.0932428
-0.100875
-0.108289
-0.115468
-0.122394
-0.129052
-0.135425
-0.141496
-0.14725
-0.152671
-0.157744
-0.162454
-0.166787
-0.170728
-0.174264
-0.177381
-0.180067
-0.182308
-0.184093
-0.18541
-0.186248
-0.186597
-0.186445
-0.185784
-0.184604
-0.182896
-0.180653
-0.177866
-0.174528
-0.170634
-0.166176
-0.16115
-0.15555
-0.149372
-0.142613
-0.135269
-0.127337
-0.118816
-0.109704
-0.1
-0.0897039
-0.078816
-0.0673372
-0.0552688
-0.042613
-0.0293724
-0.0155501
-0.0011499
0.0138238
0.0293661
0.0454715
0.0621341
0.0793472
0.0971038
0.115396
0.134216
0.153555
0.173403
0.193752
0.21459
0.235907
0.257692
0.279933
0.302619
0.325736
0.349272
0.373213
0.397546
0.422256
0.447329
0.47275
0.498504
0.524575
0.550948
0.577606
0.604532
0.631711
0.659125
0.686757
0.71459
0.742605
0.770786
0.799114
0.827571
0.856139
0.8848
0.913535
0.942326
0.971154
