1.22465e-16
0.0708285
0.141263
0.210912
0.279393
0.346335
0.411378
0.474185
0.534436
0.591835
0.646114
0.697029
0.744369
0.787953
0.827631
0.863284
0.894827
0.922208
0.945402
0.964419
0.979295
0.990096
0.99691
0.999852
0.999058
0.994682
0.986896
0.975886
0.961851
0.944999
0.925546
0.903711
0.879718
0.853792
0.826157
0.797031
0.766633
0.735171
0.70285
0.669864
0.6364
0.602635
0.568734
0.534854
0.501138
0.467721
0.434724
0.40226
0.370429
0.339321
0.309017
0.279587
0.251091
0.223583
0.197105
0.171696
0.147383
0.12419
0.102133
0.0812228
0.0614654
0.0428624
0.0254109
0.00910468
-0.00606582
-0.020113
-0.0330519
-0.0448997
-0.0556753
-0.0653997
-0.074095
-0.0817848
-0.0884936
-0.0942473
-0.0990721
-0.102995
-0.106045
-0.10825
-0.109639
-0.110243
-0.110091
-0.109214
-0.107644
-0.105413
-0.102554
-0.0990995
-0.0950832
-0.0905396
-0.0855033
-0.0800098
-0.074095
-0.0677952
-0.0611473
-0.0541888
-0.0469575
-0.0394914
-0.0318293
-0.0240099
-0.0160723
-0.00805591
6.07001e-16
0.00805591
0.0160723
0.0240099
0.0318293
0.0394914
0.0469575
0.0541888
0.0611473
0.0677952
0.074095
0.0800098
0.0855033
0.0905396
0.0950832
0.0990995
0.102554
0.105413
0.107644
0.109214
0.110091
0.110243
0.109639
0.10825
0.106045
0.102995
0.0990721
0.0942473
0.0884936
0.0817848
0.074095
0.0653997
0.0556753
0.0448997
0.0330519
0.020113
0.00606582
-0.00910468
-0.0254109
-0.0428624
-0.0614654
-0.0812228
-0.102133
-0.12419
-0.147383
-0.171696
-0.197105
-0.223583
-0.251091
-0.279587
-0.309017
-0.339321
-0.370429
-0.40226
-0.434724
-0.467721
-0.501138
-0.534854
-0.568734
-0.602635
-0.6364
-0.669864
-0.70285
-0.735171
-0.766633
-0.797031
-0.826157
-0.853792
-0.879718
-0.903711
-0.925546
-0.944999
-0.961851
-0.975886
-0.986896
-0.994682
-0.999058
-0.999852
-0.99691
-0.990096
-0.979295
-0.964419
-0.945402
-0.922208
-0.894827
-0.863284
-0.827631
-0.787953
-0.744369
-0.697029
-0.646114
-0.591835
-0.534436
-0.474185
-0.411378
-0.346335
-0.279393
-0.210912
-0.141263
-0.0708285
