5.66554e-16
0.0904998
0.180199
0.26831
0.354062
0.436722
0.515594
0.590035
0.659457
0.723341
0.781235
0.832764
0.877627
0.915606
0.94656
0.970426
0.987218
0.997021
0.999989
0.996338
0.986341
0.970321
0.948646
0.921716
0.889966
0.853846
0.813825
0.77038
0.723986
0.675117
0.624236
0.571792
0.518215
0.463912
0.409268
0.354639
0.300351
0.246703
0.193963
0.142368
0.0921255
0.0434151
-0.0036125
-0.0488325
-0.0921451
-0.133473
-0.172761
-0.209972
-0.245086
-0.278098
-0.309017
-0.337863
-0.364664
-0.389457
-0.412284
-0.433193
-0.452233
-0.469456
-0.484916
-0.498665
-0.510755
-0.521235
-0.530154
-0.537557
-0.543487
-0.547982
-0.55108
-0.552812
-0.553209
-0.552296
-0.550099
-0.546639
-0.541935
-0.536004
-0.528862
-0.520526
-0.511009
-0.500328
-0.488496
-0.475532
-0.461451
-0.446276
-0.430027
-0.41273
-0.394413
-0.375108
-0.354849
-0.333675
-0.311629
-0.288759
-0.265116
-0.240754
-0.215733
-0.190115
-0.163966
-0.137357
-0.110359
-0.0830465
-0.055497
-0.0277884
2.09311e-15
0.0277884
0.055497
0.0830465
0.110359
0.137357
0.163966
0.190115
0.215733
0.240754
0.265116
0.288759
0.311629
0.333675
0.354849
0.375108
0.394413
0.41273
0.430027
0.446276
0.461451
0.475532
0.488496
0.500328
0.511009
0.520526
0.528862
0.536004
0.541935
0.546639
0.550099
0.552296
0.553209
0.552812
0.55108
0.547982
0.543487
0.537557
0.530154
0.521235
0.510755
0.498665
0.484916
0.469456
0.452233
0.433193
0.412284
0.389457
0.364664
0.337863
0.309017
0.278098
0.245086
0.209972
0.172761
0.133473
0.0921451
0.0488325
0.0036125
-0.0434151
-0.0921255
-0.142368
-0.193963
-0.246703
-0.300351
-0.354639
-0.409268
-0.463912
-0.518215
-0.571792
-0.624236
-0.675117
-0.723986
-0.77038
-0.813825
-0.853846
-0.889966
-0.921716
-0.948646
-0.970321
-0.986341
-0.996338
-0.999989
-0.997021
-0.987218
-0.970426
-0.94656
-0.915606
-0.877627
-0.832764
-0.781235
-0.723341
-0.659457
-0.590035
-0.515594
-0.436722
-0.354062
-0.26831
-0.180199
-0.0904998
