-1
-0.964871
-0.929768
-0.894713
-0.859733
-0.824852
-0.790095
-0.755485
-0.721048
-0.686807
-0.652786
-0.61901
-0.5855
-0.552282
-0.519377
-0.486808
-0.454597
-0.422767
-0.391339
-0.360333
-0.329772
-0.299674
-0.270061
-0.240951
-0.212362
-0.184315
-0.156825
-0.129911
-0.103589
-0.077876
-0.0527864
-0.0283355
-0.00453766
0.0185936
0.0410453
0.0628052
0.0838616
0.104204
0.123821
0.142705
0.160845
0.178235
0.194867
0.210733
0.22583
0.240151
0.253692
0.26645
0.278421
0.289605
0.3
0.309605
0.318421
0.32645
0.333692
0.340151
0.34583
0.350733
0.354867
0.358235
0.360845
0.362705
0.363821
0.364204
0.363862
0.362805
0.361045
0.358594
0.355462
0.351664
0.347214
0.342124
0.336411
0.330089
0.323175
0.315685
0.307638
0.299049
0.289939
0.280326
0.270228
0.259667
0.248661
0.237233
0.225403
0.213192
0.200623
0.187718
0.1745
0.16099
0.147214
0.133193
0.118952
0.104515
0.0899051
0.0751476
0.0602666
0.0452867
0.0302324
0.0151286
-1.1393e-15
-0.0151286
-0.0302324
-0.0452867
-0.0602666
-0.0751476
-0.0899051
-0.104515
-0.118952
-0.133193
-0.147214
-0.16099
-0.1745
-0.187718
-0.200623
-0.213192
-0.225403
-0.237233
-0.248661
-0.259667
-0.270228
-0.280326
-0.289939
-0.299049
-0.307638
-0.315685
-0.323175
-0.330089
-0.336411
-0.342124
-0.347214
-0.351664
-0.355462
-0.358594
-0.361045
-0.362805
-0.363862
-0.364204
-0.363821
-0.362705
-0.360845
-0.358235
-0.354867
-0.350733
-0.34583
-0.340151
-0.333692
-0.32645
-0.318421
-0.309605
-0.3
-0.289605
-0.278421
-0.26645
-0.253692
-0.240151
-0.22583
-0.210733
-0.194867
-0.178235
-0.160845
-0.142705
-0.123821
-0.104204
-0.0838616
-0.0628052
-0.0410453
-0.0185936
0.00453766
0.0283355
0.0527864
0.077876
0.103589
0.129911
0.156825
0.184315
0.212362
0.240951
0.270061
0.299674
0.329772
0.360333
0.391339
0.422767
0.454597
0.486808
0.519377
0.552282
0.5855
0.61901
0.652786
0.686807
0.721048
0.755485
0.790095
0.824852
0.859733
0.894713
0.929768
0.964871
