-1
-0.983718
-0.967442
-0.951178
-0.934933
-0.918713
-0.902524
-0.886371
-0.870262
-0.854202
-0.838197
-0.822252
-0.806375
-0.79057
-0.774844
-0.759202
-0.743649
-0.728192
-0.712835
-0.697583
-0.682443
-0.667419
-0.652515
-0.637738
-0.623091
-0.608579
-0.594206
-0.579978
-0.565897
-0.551969
-0.538197
-0.524584
-0.511134
-0.497852
-0.484739
-0.471799
-0.459035
-0.446449
-0.434045
-0.421824
-0.409789
-0.397941
-0.386283
-0.374817
-0.363543
-0.352462
-0.341577
-0.330888
-0.320395
-0.310099
-0.3
-0.290099
-0.280395
-0.270888
-0.261577
-0.252462
-0.243543
-0.234817
-0.226283
-0.217941
-0.209789
-0.201824
-0.194045
-0.186449
-0.179035
-0.171799
-0.164739
-0.157852
-0.151134
-0.144584
-0.138197
-0.131969
-0.125897
-0.119978
-0.114206
-0.108579
-0.103091
-0.0977376
-0.0925152
-0.0874186
-0.0824429
-0.0775833
-0.0728346
-0.0681917
-0.0636493
-0.0592019
-0.0548441
-0.0505704
-0.0463751
-0.0422524
-0.0381966
-0.0342018
-0.030262
-0.0263714
-0.0225237
-0.0187131
-0.0149334
-0.0111783
-0.0074419
-0.00371785
2.79828e-16
0.00371785
0.0074419
0.0111783
0.0149334
0.0187131
0.0225237
0.0263714
0.030262
0.0342018
0.0381966
0.0422524
0.0463751
0.0505704
0.0548441
0.0592019
0.0636493
0.0681917
0.0728346
0.0775833
0.0824429
0.0874186
0.0925152
0.0977376
0.103091
0.108579
0.114206
0.119978
0.125897
0.131969
0.138197
0.144584
0.151134
0.157852
0.164739
0.171799
0.179035
0.186449
0.194045
0.201824
0.209789
0.217941
0.226283
0.234817
0.243543
0.252462
0.261577
0.270888
0.280395
0.290099
0.3
0.310099
0.320395
0.330888
0.341577
0.352462
0.363543
0.374817
0.386283
0.397941
0.409789
0.421824
0.434045
0.446449
0.459035
0.471799
0.484739
0.497852
0.511134
0.524584
0.538197
0.551969
0.565897
0.579978
0.594206
0.608579
0.623091
0.637738
0.652515
0.667419
0.682443
0.697583
0.712835
0.728192
0.743649
0.759202
0.774844
0.79057
0.806375
0.822252
0.838197
0.854202
0.870262
0.886371
0.902524
0.918713
0.934933
0.951178
0.967442
0.983718
