1.22465e-16
0.0511296
0.102106
0.152777
0.202992
0.252604
0.301467
0.349441
0.396392
0.44219
0.486711
0.529839
0.571466
0.61149
0.64982
0.686373
0.721073
0.753856
0.784666
0.813456
0.840191
0.864842
0.887391
0.90783
0.926158
0.942384
0.956523
0.968601
0.978647
0.986702
0.992809
0.997019
0.999388
0.999977
0.998851
0.996078
0.99173
0.985882
0.97861
0.969992
0.960108
0.949038
0.936862
0.923659
0.90951
0.894492
0.878683
0.862158
0.844992
0.827255
0.809017
0.790345
0.771303
0.751952
0.732351
0.712555
0.692617
0.672586
0.652509
0.632427
0.612382
0.592411
0.572547
0.552822
0.533264
0.513897
0.494745
0.475828
0.457163
0.438765
0.420646
0.402817
0.385286
0.36806
0.351141
0.334533
0.318236
0.30225
0.28657
0.271194
0.256116
0.241329
0.226825
0.212596
0.19863
0.184918
0.171447
0.158204
0.145177
0.13235
0.11971
0.107241
0.0949278
0.0827533
0.0707014
0.0587551
0.0468973
0.0351106
0.0233773
0.0116797
-8.79105e-16
-0.0116797
-0.0233773
-0.0351106
-0.0468973
-0.0587551
-0.0707014
-0.0827533
-0.0949278
-0.107241
-0.11971
-0.13235
-0.145177
-0.158204
-0.171447
-0.184918
-0.19863
-0.212596
-0.226825
-0.241329
-0.256116
-0.271194
-0.28657
-0.30225
-0.318236
-0.334533
-0.351141
-0.36806
-0.385286
-0.402817
-0.420646
-0.438765
-0.457163
-0.475828
-0.494745
-0.513897
-0.533264
-0.552822
-0.572547
-0.592411
-0.612382
-0.632427
-0.652509
-0.672586
-0.692617
-0.712555
-0.732351
-0.751952
-0.771303
-0.790345
-0.809017
-0.827255
-0.844992
-0.862158
-0.878683
-0.894492
-0.90951
-0.923659
-0.936862
-0.949038
-0.960108
-0.969992
-0.97861
-0.985882
-0.99173
-0.996078
-0.998851
-0.999977
-0.999388
-0.997019
-0.992809
-0.986702
-0.978647
-0.968601
-0.956523
-0.942384
-0.926158
-0.90783
-0.887391
-0.864842
-0.840191
-0.813456
-0.784666
-0.753856
-0.721073
-0.686373
-0.64982
-0.61149
-0.571466
-0.529839
-0.486711
-0.44219
-0.396392
-0.349441
-0.301467
-0.252604
-0.202992
-0.152777
-0.102106
-0.0511296
